# oST version 5.0 parameters


[image]

width
2048

height
1536

[narrow_stereo]

camera matrix
664.017415 0.000000 973.031678
0.000000 728.378431 695.389411
0.000000 0.000000 1.000000

distortion
0.088374 -0.023568 -0.008268 -0.004931 0.000000

rectification
1.000000 0.000000 0.000000
0.000000 1.000000 0.000000
0.000000 0.000000 1.000000

projection
718.592957 0.000000 946.489571 0.000000
0.000000 791.393860 671.115570 0.000000
0.000000 0.000000 1.000000 0.000000
